# Blender 3.4.1
# www.blender.org
mtllib Track.mtl
o Ball_path
v -5.294281 -0.128492 -0.030851
v -5.255014 -0.097790 -0.035430
v -5.215588 -0.064860 -0.040268
v -5.175925 -0.030344 -0.045293
v -5.135944 0.005113 -0.050434
v -5.095567 0.040866 -0.055620
v -5.054715 0.076272 -0.060779
v -5.013308 0.110687 -0.065840
v -4.971267 0.143466 -0.070732
v -4.928513 0.173966 -0.075382
v -4.884966 0.201542 -0.079721
v -4.840548 0.225551 -0.083676
v -4.795180 0.245348 -0.087175
v -4.728247 0.260724 -0.090736
v -4.622088 0.272259 -0.094824
v -4.481051 0.280491 -0.099289
v -4.309485 0.285960 -0.103981
v -4.111737 0.289205 -0.108753
v -3.892154 0.290763 -0.113454
v -3.655086 0.291173 -0.117936
v -3.404880 0.290975 -0.122049
v -3.145884 0.290707 -0.125645
v -2.882446 0.290908 -0.128573
v -2.618914 0.292116 -0.130686
v -2.359636 0.294871 -0.131833
v -2.078961 0.305233 -0.134336
v -1.756856 0.332383 -0.139953
v -1.406100 0.381540 -0.147692
v -1.039468 0.457923 -0.156562
v -0.669739 0.566751 -0.165573
v -0.309690 0.713243 -0.173732
v 0.027901 0.902618 -0.180048
v 0.330258 1.140095 -0.183530
v 0.584602 1.430892 -0.183187
v 0.778156 1.780230 -0.178026
v 0.898142 2.193326 -0.167058
v 0.931784 2.675400 -0.149290
v 0.890806 3.158231 -0.125890
v 0.799593 3.573283 -0.099036
v 0.664359 3.925303 -0.069251
v 0.491320 4.219036 -0.037055
v 0.286691 4.459229 -0.002973
v 0.056685 4.650627 0.032474
v -0.192483 4.797976 0.068764
v -0.454597 4.906024 0.105373
v -0.723445 4.979513 0.141780
v -0.992810 5.023191 0.177462
v -1.256478 5.041804 0.211897
v -1.508234 5.040099 0.244561
v -1.756707 5.012230 0.278023
v -2.010946 4.949921 0.314635
v -2.265374 4.854263 0.353550
v -2.514412 4.726351 0.393926
v -2.752481 4.567278 0.434916
v -2.974003 4.378138 0.475677
v -3.173399 4.160023 0.515364
v -3.345091 3.914027 0.553132
v -3.483500 3.641243 0.588137
v -3.583049 3.342764 0.619533
v -3.638157 3.019683 0.646476
v -3.643248 2.673096 0.668122
v -3.605486 2.336590 0.685656
v -3.537759 2.040803 0.701092
v -3.443072 1.782394 0.714835
v -3.324430 1.558021 0.727287
v -3.184837 1.364344 0.738850
v -3.027297 1.198022 0.749926
v -2.854815 1.055715 0.760919
v -2.670396 0.934081 0.772232
v -2.477043 0.829780 0.784266
v -2.277762 0.739471 0.797425
v -2.075557 0.659813 0.812110
v -1.873432 0.587465 0.828725
v -1.709285 0.537205 0.843129
v -1.537610 0.496630 0.857977
v -1.360138 0.464621 0.872960
v -1.178604 0.440061 0.887770
v -0.994740 0.421830 0.902097
v -0.810280 0.408809 0.915632
v -0.626957 0.399881 0.928066
v -0.446503 0.393925 0.939089
v -0.270652 0.389824 0.948392
v -0.101136 0.386458 0.955666
v 0.060310 0.382709 0.960602
v 0.211955 0.377458 0.962891
v 0.374865 0.364514 0.963704
v 0.566180 0.339888 0.964425
v 0.778274 0.305763 0.965062
v 1.003522 0.264324 0.965621
v 1.234298 0.217752 0.966111
v 1.462978 0.168233 0.966541
v 1.681936 0.117949 0.966916
v 1.883547 0.069083 0.967246
v 2.060185 0.023820 0.967538
v 2.204226 -0.015657 0.967799
v 2.308043 -0.047164 0.968038
v 2.364011 -0.068519 0.968262
l 1 2
l 2 3
l 3 4
l 4 5
l 5 6
l 6 7
l 7 8
l 8 9
l 9 10
l 10 11
l 11 12
l 12 13
l 13 14
l 14 15
l 15 16
l 16 17
l 17 18
l 18 19
l 19 20
l 20 21
l 21 22
l 22 23
l 23 24
l 24 25
l 25 26
l 26 27
l 27 28
l 28 29
l 29 30
l 30 31
l 31 32
l 32 33
l 33 34
l 34 35
l 35 36
l 36 37
l 37 38
l 38 39
l 39 40
l 40 41
l 41 42
l 42 43
l 43 44
l 44 45
l 45 46
l 46 47
l 47 48
l 48 49
l 49 50
l 50 51
l 51 52
l 52 53
l 53 54
l 54 55
l 55 56
l 56 57
l 57 58
l 58 59
l 59 60
l 60 61
l 61 62
l 62 63
l 63 64
l 64 65
l 65 66
l 66 67
l 67 68
l 68 69
l 69 70
l 70 71
l 71 72
l 72 73
l 73 74
l 74 75
l 75 76
l 76 77
l 77 78
l 78 79
l 79 80
l 80 81
l 81 82
l 82 83
l 83 84
l 84 85
l 85 86
l 86 87
l 87 88
l 88 89
l 89 90
l 90 91
l 91 92
l 92 93
l 93 94
l 94 95
l 95 96
l 96 97
o Ball_path
v -5.294281 -0.128492 -0.030851
v -5.255014 -0.097790 -0.035430
v -5.215588 -0.064860 -0.040268
v -5.175925 -0.030344 -0.045293
v -5.135944 0.005113 -0.050434
v -5.095567 0.040866 -0.055620
v -5.054715 0.076272 -0.060779
v -5.013308 0.110687 -0.065840
v -4.971267 0.143466 -0.070732
v -4.928513 0.173966 -0.075382
v -4.884966 0.201542 -0.079721
v -4.840548 0.225551 -0.083676
v -4.795180 0.245348 -0.087175
v -4.728247 0.260724 -0.090736
v -4.622088 0.272259 -0.094824
v -4.481051 0.280491 -0.099289
v -4.309485 0.285960 -0.103981
v -4.111737 0.289205 -0.108753
v -3.892154 0.290763 -0.113454
v -3.655086 0.291173 -0.117936
v -3.404880 0.290975 -0.122049
v -3.145884 0.290707 -0.125645
v -2.882446 0.290908 -0.128573
v -2.618914 0.292116 -0.130686
v -2.359636 0.294871 -0.131833
v -2.078961 0.305233 -0.134336
v -1.756856 0.332383 -0.139953
v -1.406100 0.381540 -0.147692
v -1.039468 0.457923 -0.156562
v -0.669739 0.566751 -0.165573
v -0.309690 0.713243 -0.173732
v 0.027901 0.902618 -0.180048
v 0.330258 1.140095 -0.183530
v 0.584602 1.430892 -0.183187
v 0.778156 1.780230 -0.178026
v 0.898142 2.193326 -0.167058
v 0.931784 2.675400 -0.149290
v 0.890806 3.158231 -0.125890
v 0.799593 3.573283 -0.099036
v 0.664359 3.925303 -0.069251
v 0.491320 4.219036 -0.037055
v 0.286691 4.459229 -0.002973
v 0.056685 4.650627 0.032474
v -0.192483 4.797976 0.068764
v -0.454597 4.906024 0.105373
v -0.723445 4.979513 0.141780
v -0.992810 5.023191 0.177462
v -1.256478 5.041804 0.211897
v -1.508234 5.040099 0.244561
v -1.756707 5.012230 0.278023
v -2.010946 4.949921 0.314635
v -2.265374 4.854263 0.353550
v -2.514412 4.726351 0.393926
v -2.752481 4.567278 0.434916
v -2.974003 4.378138 0.475677
v -3.173399 4.160023 0.515364
v -3.345091 3.914027 0.553132
v -3.483500 3.641243 0.588137
v -3.583049 3.342764 0.619533
v -3.638157 3.019683 0.646476
v -3.643248 2.673096 0.668122
v -3.605486 2.336590 0.685656
v -3.537759 2.040803 0.701092
v -3.443072 1.782394 0.714835
v -3.324430 1.558021 0.727287
v -3.184837 1.364344 0.738850
v -3.027297 1.198022 0.749926
v -2.854815 1.055715 0.760919
v -2.670396 0.934081 0.772232
v -2.477043 0.829780 0.784266
v -2.277762 0.739471 0.797425
v -2.075557 0.659813 0.812110
v -1.873432 0.587465 0.828725
v -1.709285 0.537205 0.843129
v -1.537610 0.496630 0.857977
v -1.360138 0.464621 0.872960
v -1.178604 0.440061 0.887770
v -0.994740 0.421830 0.902097
v -0.810280 0.408809 0.915632
v -0.626957 0.399881 0.928066
v -0.446503 0.393925 0.939089
v -0.270652 0.389824 0.948392
v -0.101136 0.386458 0.955666
v 0.060310 0.382709 0.960602
v 0.211955 0.377458 0.962891
v 0.374865 0.364514 0.963704
v 0.566180 0.339888 0.964425
v 0.778274 0.305763 0.965062
v 1.003522 0.264324 0.965621
v 1.234298 0.217752 0.966111
v 1.462978 0.168233 0.966541
v 1.681936 0.117949 0.966916
v 1.883547 0.069083 0.967246
v 2.060185 0.023820 0.967538
v 2.204226 -0.015657 0.967799
v 2.308043 -0.047164 0.968038
v 2.364011 -0.068519 0.968262
l 98 99
l 99 100
l 100 101
l 101 102
l 102 103
l 103 104
l 104 105
l 105 106
l 106 107
l 107 108
l 108 109
l 109 110
l 110 111
l 111 112
l 112 113
l 113 114
l 114 115
l 115 116
l 116 117
l 117 118
l 118 119
l 119 120
l 120 121
l 121 122
l 122 123
l 123 124
l 124 125
l 125 126
l 126 127
l 127 128
l 128 129
l 129 130
l 130 131
l 131 132
l 132 133
l 133 134
l 134 135
l 135 136
l 136 137
l 137 138
l 138 139
l 139 140
l 140 141
l 141 142
l 142 143
l 143 144
l 144 145
l 145 146
l 146 147
l 147 148
l 148 149
l 149 150
l 150 151
l 151 152
l 152 153
l 153 154
l 154 155
l 155 156
l 156 157
l 157 158
l 158 159
l 159 160
l 160 161
l 161 162
l 162 163
l 163 164
l 164 165
l 165 166
l 166 167
l 167 168
l 168 169
l 169 170
l 170 171
l 171 172
l 172 173
l 173 174
l 174 175
l 175 176
l 176 177
l 177 178
l 178 179
l 179 180
l 180 181
l 181 182
l 182 183
l 183 184
l 184 185
l 185 186
l 186 187
l 187 188
l 188 189
l 189 190
l 190 191
l 191 192
l 192 193
l 193 194
